begin remote
    
  name  ledremote
  bits           32
  flags SPACE_ENC|CONST_LENGTH
  eps            30
  aeps          100

  header       9043  4466
  one           590  1648
  zero          590   542
  ptrail        590
  repeat       9049  2225
  gap          107785
  toggle_bit_mask 0x0
  frequency    38000

      begin codes
          KEY_ON                    0x00FFE01F 0xC5AD1700
          KEY_OFF                   0x00FF609F 0xC5AD1700
          KEY_UP                    0x00FFA05F 0xC5AD1700
          KEY_3                     0x00FF609F 0xC5AD1700
          KEY_4                     0x00FFA05F 0xC5AD1700
          KEY_5                     0x00FF609F 0xC5AD1700
          KEY_DOWN                  0x00FF20DF 0xC5AD1700
          KEY_7                     0x00FF20DF 0xC5AD1700
      end codes
end remote

begin remote
      
  name   acremote
  flags RAW_CODES
  eps            30
  aeps          100

  ptrail          0
  repeat     0     0
  gap    127348
  
  begin raw_codes
    name AC_17
     4399     4340      564     1621      540     1620
      540     1619      540     1621      540      508
      570      510      569     1621      540      509
      569      509      569      510      570      510
      570      510      570     1621      540     1621
      538      509      570     1627      534      509
      569      510      570      510      569      509
      573      508      573      508      569     1621
      540     1625      545     1614      537     1622
      540     1622      538     1618      540     1620
      540     1622      538      509      570      509
      570      509      570      510      569      510
      570      509      570      509      571      509
      572      508      569     1622      538      509
      573      507      570      510      573      508
      595      485      567      512      568      514
      564      514      566     1597      564     1602
      561      509      570      510      567      512
      567      511      569      512      566     1597
      563      512      565      514      568      513
      564      512      567      514      563      515
      566      519      559      516      558     1603
      556     1606      555      519      559      521
      534      542      535      551      535      541
      529      548      535
      
    name AC_18
     4401     4333      568     1621      539     1619
      540     1623      537     1620      540      509
      569      509      570     1622      539      509
      569      510      572      507      570      510
      569      510      569     1621      540     1620
      540      509      570     1626      534      510
      570      509      571      509      570      509
      570      509      569      510      569     1621
      540     1623      537     1620      540     1620
      539     1620      540     1619      543     1619
      540     1620      540      508      569      510
      596      484      569      510      593      487
      574      505      569      509      570      510
      571      507      574     1618      541      508
      567      510      569      511      571     1606
      552      513      568      511      571      509
      566      513      566     1595      566     1596
      563      510      569      510      568      511
      567      511      567      512      566     1596
      564      515      563      516      563      517
      561      518      560      518      561      519
      560      519      559      520      534     1628
      532     1629      531      546      531     1632
      528      548      531      549      530      550
      530      550      529
      
    name AC_19
     4396     4339      566     1621      539     1621
      539     1624      537     1620      540      509
      570      510      571     1622      538      509
      569      510      570      511      570      511
      568      509      571     1624      537     1625
      539      509      567     1630      531      509
      572      649      428      510      571      509
      575      502      574      508      571     1625
      533     1626      533     1624      538     1620
      535     1623      536     1628      539     1622
      536     1619      535      507      572      506
      572      508      598      480      574      506
      571      509      567      511      571      511
      565      512      569     1626      508      536
      567      512      566     1600      536      535
      566      514      571      509      568      511
      567      509      571     1599      560     1596
      566      509      571      507      570      510
      570      508      569      512      569     1596
      559      515      564      515      560      517
      561      518      560      519      559      520
      559      519      559      522      536     1630
      526     1633      526     1637      522      547
      532      547      531      549      534      545
      530      549      528
      
    name AC_20
     4398     4334      570     1620      539     1621
      539     1620      539     1621      540      508
      570      509      569     1622      539      509
      572      510      566      510      569      510
      570      509      570     1622      539     1621
      539      509      569     1622      539      508
      570      510      569      510      570      509
      569      510      569      510      570     1621
      539     1621      539     1621      539     1621
      539     1621      539     1621      539     1620
      539     1621      540      509      570      509
      570      510      569      510      571      509
      594      485      570      510      570      509
      570      510      546     1645      539      509
      568      511      569     1622      539     1621
      542      507      571      509      570      509
      571      508      571     1621      539     1623
      534      510      568      511      565      514
      567      513      567      513      564     1600
      562      513      567      512      567      512
      569      511      568      511      569      511
      569      510      568      511      568     1595
      563     1595      563     1597      561     1599
      560      518      560      520      560      517
      561      520      533
      
    name AC_21
     4400     4336      568     1621      539     1621
      539     1620      539     1622      539      509
      570      509      570     1622      540      509
      570      507      575      505      571      506
      571      510      570     1628      536     1621
      565      479      569     1625      536      512
      567      511      568      515      566      509
      569      511      568      512      567     1623
      538     1626      534     1624      537     1628
      530     1624      539     1622      535     1631
      532     1622      539      504      571      509
      570      511      568      511      568      510
      569      511      570      508      575      509
      569      508      575     1621      508      536
      564     1603      558      512      571      509
      568      512      572      502      577      508
      567      507      570     1597      556     1601
      559      513      569      508      572      507
      566      527      550      519      561     1599
      556      517      560      518      561      519
      534      546      534      543      533      549
      529      547      532      548      530     1656
      504      550      531      548      527      552
      528      552      527      555      527      576
      500      578      502
    
    name AC_22
     4394     4336      570     1619      539     1621
      539     1620      539     1621      540      509
      569      511      568     1622      539      509
      569      510      569      510      569      510
      569      510      569     1625      536     1621
      539      510      569     1622      539      509
      570      510      569      510      569      511
      574      505      569      510      569     1622
      538     1621      540     1621      539     1625
      536     1620      539     1622      539     1621
      539     1620      540      509      569      510
      569      510      569      510      569      511
      569      510      569      510      570      509
      569      510      569     1621      540      508
      569     1622      543      506      568     1623
      539      519      560      510      571      508
      571      510      568     1623      535     1597
      567      508      543      536      568      511
      569      510      569      510      569     1594
      566      510      570      510      568      511
      569      511      567      512      567      513
      565      514      563      517      563     1599
      559      518      560      520      559     1604
      556      522      534      545      533      546
      534      546      533
      
    name AC_23
     4400     4336      569     1616      546     1614
      545     1615      545     1616      543      510
      569      510      570     1614      547      509
      570      510      570      510      569      510
      572      510      568     1615      547     1613
      546      509      570     1615      547      508
      570      511      568      510      570      509
      570      510      570      510      570     1616
      545     1617      544     1618      542     1618
      543     1619      541     1620      646     1515
      542     1618      541      509      571      495
      580      513      566      514      566      513
      567      512      568      512      571      508
      569      511      568     1593      569      509
      570     1591      569     1593      565      513
      566      512      567      512      565      515
      563      516      563     1599      560     1623
      536      519      565      517      558      520
      535      545      533      545      536     1653
      505      548      532      548      530      550
      531      548      529      551      529      552
      527      552      527      554      525     1657
      503      577      502     1660      497      582
      496      583      495      585      495      585
      495      585      494
    
    name AC_24
     4397     4339      567     1619      540     1620
      541     1622      538     1621      539      509
      570      510      570     1621      539      509
      569      510      569      510      569      510
      571      508      569     1622      538     1623
      538      509      569     1622      541      507
      569      510      569      510      569      510
      574      506      569      510      569     1622
      539     1624      536     1623      537     1625
      535     1621      539     1621      539     1621
      539     1620      539      510      569      510
      569      511      569      510      568      510
      569      510      569      511      569      511
      569      509      569     1625      536      509
      568     1622      539     1621      539     1621
      538      510      571      509      568      511
      569      509      571     1621      539     1621
      540      510      568      510      565      515
      566      513      543      537      567     1598
      565      510      571      507      569      511
      569      510      570      510      569      510
      567      512      567      512      565     1601
      558      515      563     1601      556     1600
      557      520      558      522      533      547
      533      546      533
    
    name AC_25
     4407     4330      567     1620      540     1620 
      539     1620      539     1623      537      509
      570      510      569     1622      539      509
      569      511      573      506      569      510
      570      509      570     1623      538     1620
      541      506      579     1619      533      509
      570      510      571      513      568      505
      569      516      564      509      571     1622
      538     1628      532     1621      542     1621
      534     1619      537     1622      539     1622
      541     1620      537      510      570      509
      569      511      570      506      572      513
      565      510      570      510      569      510
      568      513      569     1620      544     1618
      544      502      567      514      566      509
      571      509      568      510      574      504
      570      509      571     1620      538     1622
      540      507      569      510      571      508
      573      511      565      510      570     1621
      538      508      571      511      570      511
      568      507      568      514      572      504
      567      514      568      510      545      534
      570     1605      555      509      573      519
      558      510      575      506      573      506
      566      510      568

    name AC_26
     4430     4301      603     1586      572     1589
      570     1561      595     1564      598      510
      566      513      542     1590      570      537
      566      513      542      537      541      539
      537      542      540     1589      567     1595
      566      512      571     1588      569      512
      592      486      565      515      567      512
      566      513      566      514      566     1592
      566     1595      566     1595      565     1595
      564     1597      562     1598      560     1600
      560     1600      560      519      559      520
      563      516      559      520      560      520
      535      544      557      522      533      546
      533      546      553     1609      531     1628
      531      550      529      549      529     1657
      502      575      503      575      504      573
      507      573      505     1654      506     1655
      505      574      504      575      505      575
      504      574      504      576      503     1657
      503      577      501      577      502      577
      501      578      501      579      499      580
      497      582      496      584      495      584
      495     1665      495      584      495     1665
      495      585      494      586      497      583
      495      584      494

    name AC_27
     4410     4324      576     1587      602     1559
      602     1555      603     1556      602      477
      577      503      601     1558      576      504
      576      504      573      504      573      505
      573      507      572     1588      571     1590
      569      508      569     1597      563      509
      569      511      567      512      567      512
      566      513      565      515      564     1599
      560     1596      562     1598      560     1599
      560     1600      558     1603      556     1602
      534     1625      534      544      535      546
      533      545      558      522      537      542
      532      547      532      547      533      546
      531      548      530     1652      507     1654
      506      555      524     1654      505      574
      504      574      504      576      504      575
      504      575      503     1657      502     1658
      501      578      501      578      500      579
      499      581      496      583      496     1666
      498      580      495      584      495      585
      495      584      495      585      495      584
      495      585      495      585      495      584
      496     1665      494     1665      495      584
      495      585      494      585      494      584
      494      586      493
      
    name AC_28
     4399     4340      568     1619      538     1620
      540     1621      539     1620      539      509
      570      510      569     1627      536      508
      569      510      569      510      570      510
      569      510      570     1622      539     1621
      539      510      570     1621      540      509
      570      510      570      510      570      509
      570      510      569      510      570     1621
      539     1622      539     1621      540     1621
      539     1598      560     1595      564     1596
      565     1596      565      511      569      511
      568      511      569      510      569      511
      568      511      568      511      567      512
      567      513      564     1597      562     1598
      561      517      562     1600      559     1602
      557      522      535      544      533      548
      532      547      532     1631      529     1654
      506      549      530      550      530      550
      529      551      528      552      526     1657
      503      577      502      578      501      579
      500      580      498      583      495      585
      495      586      492      586      494      586
      494     1668      493     1668      491     1669
      492      587      493      587      493      588
      492      611      469
    name AC_29
     4431     4304      599     1563      596     1561
      599     1560      599     1562      570      538
      568      511      543     1589      569      540
      564      489      566      511      569      510
      565      514      568     1589      572     1590
      567      512      567     1593      568      511
      567      512      568      511      567      512
      566      514      565      514      566     1593
      565     1595      565     1596      562     1598
      561     1599      561     1599      559     1601
      559     1604      532      544      558      522
      533      546      538      540      533      547
      556      523      533      548      530      548
      531      549      531     1652      508     1652
      507     1653      506      574      506      573
      506      573      505      574      506      574
      505      575      504     1655      503     1657
      503      577      503      578      499      579
      501      578      500      579      499     1661
      496      584      495      585      495      584
      494      585      495      584      495      584
      495      585      495      585      494      585
      495      585      495      585      495      585
      495      587      493      584      495      585
      494      585      493
    
    name AC_30
     4402     4335      569     1615      546     1615
      544     1617      543     1618      542      509
      570      510      595     1595      539      510
      571      508      548      533      570      478
      602      511      567     1624      535     1601
      558      516      570     1598      565      502
      568      511      568      511      571      508
      571      511      569      513      567     1592
      566     1596      563     1595      563     1599
      560     1598      560     1602      558     1604
      555     1627      532      519      560      522
      558      523      533      542      534      547
      533      547      531      548      532      545
      531      553      526     1659      526     1627
      505     1655      504      553      529     1654
      503      577      504      584      493      582
      502      584      488     1695      462     1670
      492      584      493      586      494      586
      498      580      495      585      495     1667
      494      584      493      588      492      586
      494      586      493      612      473      606
      469      612      443      637      444      635
      443      637      444      634      443     1745
      415      662      417      663      416      665
      415      665      413

    name AC_OFF
     4397     4337      566     1621      538     1622
      538     1622      539     1619      541      513
      566      510      567     1623      538      510
      571      508      569      510      570      510
      593      487      568     1622      538     1625
      534      512      567     1622      541      507
      568      512      567      510      569      510
      569      510      568      511      569     1627
      533     1625      535     1621      539     1621
      539     1623      538     1620      540     1620
      541     1620      535      510      569      510
      571      509      569      509      569      510
      570      509      569      510      569      510
      569      511      568     1625      536     1621
      540      508      569      510      570      509
      570      509      568      512      568      511
      567      511      546     1646      540     1620
      543      504      572      509      571      508
      570     1622      540     1620      539     1621
      535      511      580      502      543      536
      537      541      540      537      542      537
      544      541      564      509      570      512
      566     1594      566      511      570      510
      570      508      571     1591      566     1596
      566      512      563
      
  end raw_codes

end remote
